1 1012 187 67 81
2 1012 187 67 81
3 1012 187 67 81
4 1012 187 67 81
5 1040 176 66 80
6 1043 173 66 81
7 1045 171 66 81
8 1044 173 67 82
9 1041 172 67 82
10 1038 173 67 82
11 1033 170 68 83
12 1024 171 68 83
13 1017 173 68 83
14 1014 174 69 84
15 994 173 69 84
16 985 171 70 85
17 971 173 70 86
18 957 175 69 85
19 951 178 69 85
20 935 181 70 85
21 930 186 69 84
22 917 189 70 84
23 910 192 68 82
24 902 197 68 81
25 888 193 68 81
26 884 193 68 83
27 878 192 69 83
28 870 191 69 83
29 865 185 69 84
30 863 176 69 85
31 863 176 69 85
32 859 168 69 86
33 860 161 70 87
34 856 159 70 88
35 862 155 71 89
36 860 151 72 89
37 855 141 72 89
38 858 129 72 89
39 857 124 73 90
40 858 114 74 92
41 858 106 74 92
42 858 97 75 94
43 855 100 75 94
44 853 98 75 95
45 849 92 76 95
46 849 92 76 97
47 842 95 77 98
48 837 95 77 98
49 829 96 77 99
50 822 100 78 100
51 811 116 78 102
52 807 113 78 103
53 797 116 78 103
54 786 124 79 104
55 772 131 79 105
56 763 136 80 105
57 749 142 80 106
58 744 143 80 107
59 736 148 80 106
60 732 149 81 107
61 726 156 80 106
62 727 151 81 106
63 724 152 81 108
64 725 148 82 110
65 721 138 82 110
66 729 140 83 110
67 735 134 83 111
68 738 136 83 112
69 720 159 83 113
70 743 140 83 113
71 747 140 83 114
72 754 139 83 115
73 755 134 84 116
74 764 121 83 115
75 770 115 84 116
76 778 110 84 118
77 783 99 84 119
78 787 82 84 119
79 791 76 85 120
80 790 69 85 120
81 793 58 85 121
82 788 50 86 123
83 783 56 86 123
84 775 58 86 125
85 768 56 86 125
86 762 54 87 126
87 757 58 87 126
88 749 65 88 126
89 743 69 88 126
90 737 64 88 125
91 727 76 87 125
